# PSIPRED VFORMAT (S4PRED V1.2.4)

   1 M C   0.999  0.000  0.001
   2 S C   0.995  0.002  0.003
   3 K C   0.904  0.084  0.012
   4 G C   0.846  0.130  0.024
   5 E C   0.746  0.167  0.087
   6 E C   0.668  0.145  0.188
   7 L C   0.691  0.125  0.184
   8 F C   0.704  0.092  0.205
   9 T C   0.781  0.052  0.166
  10 G C   0.763  0.020  0.217
  11 V C   0.568  0.055  0.377
  12 V E   0.429  0.079  0.492
  13 P E   0.362  0.081  0.558
  14 I E   0.107  0.092  0.801
  15 L E   0.065  0.088  0.847
  16 V E   0.077  0.074  0.849
  17 E E   0.098  0.052  0.850
  18 L E   0.174  0.026  0.800
  19 D E   0.410  0.018  0.571
  20 G C   0.681  0.022  0.298
  21 D C   0.656  0.022  0.322
  22 V C   0.609  0.022  0.368
  23 N C   0.745  0.019  0.236
  24 G C   0.706  0.016  0.278
  25 H E   0.333  0.009  0.658
  26 K E   0.141  0.007  0.852
  27 F E   0.109  0.004  0.887
  28 S E   0.095  0.004  0.902
  29 V E   0.108  0.003  0.889
  30 S E   0.220  0.002  0.777
  31 G E   0.381  0.004  0.616
  32 E C   0.505  0.005  0.489
  33 G C   0.612  0.010  0.377
  34 E C   0.706  0.024  0.269
  35 G C   0.734  0.031  0.235
  36 D C   0.674  0.043  0.284
  37 A C   0.696  0.048  0.256
  38 T C   0.618  0.049  0.333
  39 Y C   0.508  0.031  0.461
  40 G E   0.370  0.022  0.608
  41 K E   0.118  0.014  0.868
  42 L E   0.031  0.008  0.961
  43 T E   0.016  0.010  0.974
  44 L E   0.010  0.009  0.981
  45 K E   0.014  0.011  0.975
  46 F E   0.010  0.014  0.976
  47 I E   0.027  0.020  0.953
  48 C E   0.111  0.025  0.863
  49 T E   0.432  0.026  0.542
  50 T C   0.765  0.036  0.199
  51 G C   0.896  0.010  0.094
  52 K C   0.912  0.007  0.081
  53 L C   0.913  0.001  0.086
  54 P C   0.914  0.001  0.085
  55 V C   0.867  0.002  0.131
  56 P C   0.888  0.007  0.105
  57 W C   0.620  0.285  0.095
  58 P C   0.629  0.287  0.084
  59 T C   0.410  0.285  0.305
  60 L E   0.300  0.324  0.376
  61 V E   0.259  0.329  0.412
  62 T E   0.292  0.289  0.419
  63 T C   0.378  0.273  0.350
  64 L C   0.469  0.215  0.316
  65 G C   0.559  0.168  0.273
  66 Y C   0.473  0.184  0.343
  67 G E   0.329  0.154  0.517
  68 V E   0.195  0.163  0.642
  69 Q E   0.105  0.163  0.731
  70 C E   0.101  0.148  0.751
  71 F E   0.121  0.169  0.710
  72 A E   0.197  0.158  0.645
  73 R E   0.344  0.108  0.548
  74 Y C   0.866  0.022  0.113
  75 P C   0.647  0.312  0.041
  76 D C   0.498  0.492  0.010
  77 H H   0.345  0.634  0.022
  78 M H   0.317  0.645  0.037
  79 K H   0.443  0.491  0.066
  80 Q H   0.426  0.463  0.112
  81 H C   0.541  0.337  0.121
  82 D C   0.454  0.432  0.115
  83 F H   0.308  0.579  0.114
  84 F H   0.297  0.560  0.143
  85 K H   0.340  0.534  0.125
  86 S C   0.497  0.402  0.101
  87 A C   0.619  0.308  0.073
  88 M C   0.912  0.027  0.061
  89 P C   0.900  0.042  0.058
  90 E C   0.725  0.106  0.169
  91 G C   0.662  0.082  0.255
  92 Y E   0.389  0.081  0.530
  93 V E   0.173  0.038  0.789
  94 Q E   0.180  0.026  0.793
  95 E E   0.133  0.024  0.842
  96 R E   0.119  0.024  0.857
  97 T E   0.061  0.018  0.920
  98 I E   0.059  0.013  0.928
  99 F E   0.064  0.010  0.926
 100 F E   0.123  0.009  0.868
 101 K C   0.670  0.015  0.316
 102 D C   0.805  0.019  0.176
 103 D C   0.956  0.022  0.022
 104 G C   0.912  0.028  0.061
 105 N C   0.791  0.020  0.189
 106 Y E   0.322  0.015  0.663
 107 K E   0.155  0.008  0.837
 108 T E   0.117  0.006  0.877
 109 R E   0.095  0.014  0.890
 110 A E   0.062  0.011  0.928
 111 E E   0.031  0.009  0.960
 112 V E   0.028  0.006  0.966
 113 K E   0.047  0.005  0.948
 114 F E   0.103  0.004  0.893
 115 E E   0.388  0.004  0.607
 116 G C   0.827  0.024  0.149
 117 D C   0.824  0.037  0.140
 118 T C   0.507  0.039  0.454
 119 L E   0.389  0.045  0.566
 120 V E   0.241  0.032  0.727
 121 N E   0.207  0.025  0.769
 122 R E   0.114  0.020  0.866
 123 I E   0.025  0.010  0.965
 124 E E   0.018  0.009  0.973
 125 L E   0.043  0.006  0.951
 126 K E   0.212  0.003  0.785
 127 G E   0.391  0.010  0.599
 128 I E   0.266  0.007  0.727
 129 D E   0.231  0.008  0.762
 130 F E   0.292  0.021  0.687
 131 K C   0.622  0.040  0.338
 132 E C   0.665  0.051  0.284
 133 D C   0.828  0.058  0.114
 134 G C   0.897  0.049  0.054
 135 N C   0.765  0.041  0.194
 136 I E   0.465  0.042  0.494
 137 L E   0.451  0.041  0.508
 138 G C   0.528  0.046  0.426
 139 H E   0.375  0.033  0.592
 140 K E   0.278  0.029  0.693
 141 L E   0.261  0.023  0.715
 142 E E   0.193  0.020  0.787
 143 Y E   0.225  0.017  0.758
 144 N E   0.334  0.013  0.652
 145 Y C   0.553  0.016  0.430
 146 N C   0.717  0.020  0.263
 147 S C   0.746  0.031  0.223
 148 H C   0.623  0.024  0.354
 149 N E   0.316  0.017  0.667
 150 V E   0.054  0.007  0.939
 151 Y E   0.014  0.008  0.978
 152 I E   0.013  0.008  0.979
 153 M E   0.055  0.007  0.938
 154 A E   0.106  0.010  0.884
 155 D E   0.248  0.016  0.736
 156 K C   0.497  0.048  0.454
 157 Q C   0.665  0.063  0.272
 158 K C   0.750  0.056  0.194
 159 N C   0.911  0.014  0.075
 160 G E   0.481  0.002  0.517
 161 I E   0.152  0.001  0.847
 162 K E   0.049  0.001  0.950
 163 V E   0.040  0.001  0.959
 164 N E   0.047  0.001  0.952
 165 F E   0.026  0.003  0.971
 166 K E   0.017  0.005  0.978
 167 I E   0.028  0.005  0.967
 168 R E   0.096  0.007  0.897
 169 H E   0.224  0.013  0.763
 170 N E   0.345  0.013  0.642
 171 I C   0.638  0.024  0.338
 172 E C   0.798  0.034  0.168
 173 D C   0.887  0.027  0.086
 174 G C   0.886  0.016  0.097
 175 S C   0.583  0.019  0.398
 176 V E   0.160  0.023  0.817
 177 Q E   0.139  0.026  0.835
 178 L E   0.219  0.054  0.727
 179 A E   0.428  0.087  0.484
 180 D E   0.446  0.104  0.451
 181 H C   0.468  0.127  0.405
 182 Y E   0.430  0.099  0.471
 183 Q C   0.495  0.087  0.418
 184 Q C   0.598  0.084  0.318
 185 N C   0.718  0.037  0.245
 186 T C   0.718  0.002  0.279
 187 P C   0.753  0.005  0.242
 188 I C   0.796  0.010  0.194
 189 G C   0.829  0.012  0.159
 190 D C   0.832  0.011  0.157
 191 G C   0.805  0.013  0.181
 192 P C   0.785  0.016  0.199
 193 V E   0.303  0.014  0.683
 194 L E   0.348  0.012  0.640
 195 L C   0.741  0.003  0.256
 196 P C   0.833  0.020  0.147
 197 D C   0.851  0.100  0.049
 198 N C   0.758  0.150  0.092
 199 H C   0.519  0.150  0.331
 200 Y E   0.231  0.121  0.649
 201 L E   0.196  0.114  0.690
 202 S E   0.227  0.108  0.665
 203 Y E   0.191  0.196  0.612
 204 Q E   0.217  0.217  0.566
 205 S E   0.246  0.199  0.555
 206 A E   0.292  0.185  0.522
 207 L E   0.371  0.186  0.443
 208 S C   0.509  0.147  0.344
 209 K C   0.700  0.085  0.216
 210 D C   0.950  0.005  0.045
 211 P C   0.898  0.088  0.015
 212 N C   0.905  0.087  0.008
 213 E C   0.849  0.132  0.019
 214 K C   0.795  0.137  0.067
 215 R C   0.666  0.123  0.210
 216 D C   0.533  0.132  0.335
 217 H E   0.243  0.119  0.638
 218 M E   0.093  0.108  0.800
 219 V E   0.038  0.138  0.824
 220 L E   0.021  0.162  0.818
 221 L E   0.023  0.166  0.811
 222 E E   0.026  0.178  0.796
 223 F E   0.044  0.184  0.772
 224 V E   0.154  0.234  0.612
 225 T C   0.444  0.291  0.265
 226 A C   0.591  0.331  0.078
 227 A C   0.657  0.296  0.047
 228 G C   0.726  0.184  0.089
 229 I C   0.612  0.190  0.197
 230 T C   0.538  0.185  0.277
 231 H C   0.555  0.123  0.322
 232 G C   0.615  0.080  0.305
 233 M C   0.524  0.220  0.256
 234 D C   0.474  0.288  0.238
 235 E C   0.520  0.233  0.247
 236 L C   0.666  0.195  0.139
 237 Y C   0.898  0.047  0.055
 238 K C   0.992  0.003  0.006
# PSIPRED VFORMAT (S4PRED V1.2.4)

   1 M C   0.999  0.000  0.001
   2 S C   0.995  0.002  0.003
   3 K C   0.904  0.085  0.012
   4 G C   0.846  0.130  0.024
   5 E C   0.747  0.167  0.086
   6 E C   0.670  0.144  0.186
   7 L C   0.693  0.124  0.182
   8 F C   0.705  0.092  0.203
   9 T C   0.782  0.052  0.166
  10 G C   0.763  0.020  0.216
  11 V C   0.569  0.055  0.376
  12 V E   0.429  0.079  0.492
  13 P E   0.362  0.080  0.558
  14 I E   0.107  0.091  0.801
  15 L E   0.065  0.087  0.847
  16 V E   0.077  0.074  0.850
  17 E E   0.098  0.052  0.850
  18 L E   0.174  0.026  0.800
  19 D E   0.412  0.018  0.571
  20 G C   0.683  0.022  0.296
  21 D C   0.661  0.022  0.317
  22 V C   0.613  0.022  0.364
  23 N C   0.746  0.019  0.235
  24 G C   0.707  0.016  0.277
  25 H E   0.335  0.009  0.656
  26 K E   0.142  0.007  0.852
  27 F E   0.109  0.004  0.887
  28 S E   0.094  0.004  0.902
  29 V E   0.107  0.003  0.890
  30 S E   0.219  0.002  0.779
  31 G E   0.381  0.004  0.615
  32 E C   0.506  0.005  0.489
  33 G C   0.612  0.011  0.377
  34 E C   0.706  0.025  0.269
  35 G C   0.734  0.031  0.235
  36 D C   0.675  0.043  0.282
  37 A C   0.694  0.048  0.257
  38 T C   0.615  0.050  0.335
  39 Y C   0.504  0.032  0.464
  40 G E   0.365  0.023  0.613
  41 K E   0.115  0.015  0.870
  42 L E   0.030  0.008  0.962
  43 T E   0.015  0.010  0.974
  44 L E   0.010  0.010  0.981
  45 K E   0.013  0.012  0.975
  46 F E   0.009  0.015  0.976
  47 I E   0.026  0.021  0.953
  48 C E   0.111  0.026  0.862
  49 T E   0.432  0.026  0.541
  50 T C   0.770  0.036  0.194
  51 G C   0.901  0.010  0.089
  52 K C   0.913  0.008  0.080
  53 L C   0.912  0.001  0.087
  54 P C   0.913  0.001  0.086
  55 V C   0.857  0.002  0.141
  56 P C   0.876  0.006  0.118
  57 W C   0.655  0.241  0.104
  58 P C   0.667  0.241  0.092
  59 T C   0.436  0.229  0.335
  60 L E   0.320  0.248  0.432
  61 V E   0.282  0.248  0.470
  62 T E   0.319  0.207  0.474
  63 T E   0.385  0.186  0.429
  64 F C   0.449  0.143  0.408
  65 G C   0.534  0.116  0.350
  66 Y C   0.470  0.132  0.398
  67 G E   0.314  0.139  0.546
  68 V E   0.200  0.166  0.634
  69 Q E   0.118  0.175  0.708
  70 C E   0.113  0.165  0.722
  71 F E   0.139  0.190  0.671
  72 A E   0.217  0.171  0.612
  73 R E   0.367  0.118  0.516
  74 Y C   0.877  0.023  0.100
  75 P C   0.636  0.329  0.035
  76 D H   0.486  0.505  0.009
  77 H H   0.333  0.647  0.020
  78 M H   0.306  0.658  0.036
  79 K H   0.429  0.502  0.068
  80 Q H   0.411  0.474  0.115
  81 H C   0.528  0.344  0.128
  82 D C   0.443  0.439  0.118
  83 F H   0.298  0.589  0.113
  84 F H   0.288  0.571  0.141
  85 K H   0.329  0.547  0.124
  86 S C   0.488  0.412  0.100
  87 A C   0.612  0.316  0.072
  88 M C   0.915  0.027  0.058
  89 P C   0.902  0.043  0.055
  90 E C   0.730  0.110  0.160
  91 G C   0.670  0.084  0.246
  92 Y E   0.395  0.084  0.521
  93 V E   0.176  0.040  0.784
  94 Q E   0.181  0.028  0.791
  95 E E   0.134  0.026  0.840
  96 R E   0.118  0.026  0.856
  97 T E   0.061  0.020  0.919
  98 I E   0.059  0.014  0.927
  99 F E   0.064  0.010  0.926
 100 F E   0.121  0.009  0.869
 101 K C   0.668  0.015  0.317
 102 D C   0.806  0.020  0.174
 103 D C   0.955  0.024  0.021
 104 G C   0.911  0.029  0.060
 105 N C   0.788  0.021  0.191
 106 Y E   0.314  0.016  0.670
 107 K E   0.152  0.008  0.840
 108 T E   0.116  0.007  0.878
 109 R E   0.093  0.015  0.892
 110 A E   0.061  0.011  0.928
 111 E E   0.031  0.010  0.959
 112 V E   0.029  0.006  0.965
 113 K E   0.048  0.005  0.947
 114 F E   0.105  0.005  0.890
 115 E E   0.395  0.005  0.600
 116 G C   0.831  0.024  0.145
 117 D C   0.829  0.037  0.134
 118 T C   0.519  0.039  0.442
 119 L E   0.395  0.044  0.561
 120 V E   0.245  0.032  0.723
 121 N E   0.208  0.025  0.767
 122 R E   0.114  0.019  0.867
 123 I E   0.024  0.010  0.966
 124 E E   0.018  0.009  0.973
 125 L E   0.042  0.006  0.952
 126 K E   0.205  0.003  0.792
 127 G E   0.380  0.009  0.610
 128 I E   0.259  0.007  0.734
 129 D E   0.226  0.007  0.767
 130 F E   0.290  0.020  0.690
 131 K C   0.625  0.039  0.335
 132 E C   0.668  0.051  0.281
 133 D C   0.832  0.057  0.112
 134 G C   0.900  0.048  0.052
 135 N C   0.770  0.041  0.190
 136 I E   0.462  0.042  0.496
 137 L E   0.450  0.041  0.509
 138 G C   0.523  0.047  0.430
 139 H E   0.368  0.033  0.599
 140 K E   0.273  0.030  0.697
 141 L E   0.261  0.023  0.716
 142 E E   0.189  0.020  0.791
 143 Y E   0.222  0.017  0.761
 144 N E   0.335  0.014  0.652
 145 Y C   0.562  0.017  0.421
 146 N C   0.731  0.021  0.249
 147 S C   0.757  0.031  0.212
 148 H C   0.628  0.024  0.348
 149 N E   0.322  0.017  0.662
 150 V E   0.054  0.007  0.939
 151 Y E   0.014  0.008  0.978
 152 I E   0.013  0.008  0.979
 153 M E   0.053  0.007  0.939
 154 A E   0.104  0.010  0.886
 155 D E   0.242  0.017  0.742
 156 K C   0.489  0.051  0.460
 157 Q C   0.666  0.066  0.268
 158 K C   0.748  0.059  0.193
 159 N C   0.915  0.014  0.071
 160 G E   0.497  0.002  0.501
 161 I E   0.160  0.001  0.839
 162 K E   0.050  0.001  0.949
 163 V E   0.041  0.001  0.959
 164 N E   0.046  0.001  0.953
 165 F E   0.025  0.003  0.972
 166 K E   0.016  0.004  0.980
 167 I E   0.027  0.004  0.969
 168 R E   0.091  0.007  0.902
 169 H E   0.211  0.012  0.777
 170 N E   0.333  0.013  0.654
 171 I C   0.647  0.024  0.330
 172 E C   0.806  0.033  0.161
 173 D C   0.895  0.026  0.078
 174 G C   0.894  0.016  0.090
 175 S C   0.600  0.018  0.382
 176 V E   0.163  0.023  0.815
 177 Q E   0.139  0.026  0.835
 178 L E   0.217  0.054  0.729
 179 A E   0.420  0.087  0.493
 180 D E   0.435  0.103  0.462
 181 H C   0.463  0.127  0.410
 182 Y E   0.425  0.098  0.477
 183 Q C   0.488  0.087  0.425
 184 Q C   0.590  0.085  0.324
 185 N C   0.715  0.039  0.246
 186 T C   0.719  0.002  0.278
 187 P C   0.753  0.005  0.242
 188 I C   0.794  0.010  0.196
 189 G C   0.825  0.012  0.163
 190 D C   0.829  0.011  0.161
 191 G C   0.809  0.013  0.179
 192 P C   0.790  0.015  0.195
 193 V E   0.310  0.013  0.678
 194 L E   0.354  0.011  0.635
 195 L C   0.741  0.003  0.256
 196 P C   0.837  0.019  0.144
 197 D C   0.856  0.102  0.042
 198 N C   0.763  0.155  0.081
 199 H C   0.534  0.157  0.309
 200 Y E   0.241  0.123  0.635
 201 L E   0.190  0.111  0.699
 202 S E   0.218  0.106  0.677
 203 W E   0.144  0.208  0.648
 204 Q E   0.161  0.240  0.599
 205 S E   0.201  0.215  0.584
 206 A E   0.265  0.206  0.530
 207 L E   0.354  0.194  0.453
 208 S C   0.493  0.144  0.363
 209 K C   0.677  0.094  0.229
 210 D C   0.945  0.005  0.050
 211 P C   0.892  0.092  0.016
 212 N C   0.899  0.092  0.009
 213 E C   0.837  0.142  0.020
 214 K C   0.778  0.153  0.070
 215 R C   0.647  0.143  0.209
 216 D C   0.514  0.154  0.332
 217 H E   0.231  0.139  0.630
 218 M E   0.091  0.130  0.778
 219 V E   0.038  0.170  0.792
 220 L E   0.020  0.199  0.780
 221 L E   0.023  0.202  0.774
 222 E E   0.025  0.221  0.754
 223 F E   0.044  0.228  0.728
 224 V E   0.152  0.286  0.561
 225 T C   0.418  0.349  0.233
 226 A C   0.563  0.369  0.068
 227 A C   0.635  0.324  0.041
 228 G C   0.720  0.200  0.081
 229 I C   0.617  0.204  0.179
 230 T C   0.541  0.203  0.256
 231 H C   0.562  0.136  0.302
 232 G C   0.629  0.089  0.283
 233 M C   0.530  0.234  0.235
 234 D C   0.474  0.306  0.220
 235 E C   0.524  0.249  0.227
 236 L C   0.664  0.208  0.128
 237 Y C   0.899  0.050  0.051
 238 K C   0.992  0.003  0.005
# PSIPRED VFORMAT (S4PRED V1.2.4)

   1 S C   0.982  0.006  0.012
   2 K C   0.974  0.019  0.007
   3 G C   0.863  0.118  0.019
   4 E C   0.747  0.149  0.105
   5 E C   0.649  0.131  0.220
   6 L C   0.673  0.114  0.214
   7 F C   0.671  0.086  0.243
   8 T C   0.749  0.048  0.204
   9 G C   0.714  0.017  0.269
  10 V C   0.539  0.042  0.419
  11 V E   0.401  0.057  0.542
  12 P E   0.315  0.058  0.627
  13 I E   0.086  0.063  0.851
  14 L E   0.053  0.062  0.885
  15 V E   0.062  0.054  0.883
  16 E E   0.085  0.039  0.876
  17 L E   0.162  0.020  0.817
  18 D E   0.408  0.015  0.577
  19 G C   0.691  0.017  0.292
  20 D C   0.667  0.018  0.315
  21 V C   0.620  0.019  0.361
  22 N C   0.742  0.016  0.242
  23 G C   0.700  0.014  0.286
  24 H E   0.324  0.008  0.668
  25 K E   0.139  0.006  0.855
  26 F E   0.105  0.004  0.892
  27 S E   0.093  0.003  0.903
  28 V E   0.108  0.003  0.889
  29 S E   0.221  0.002  0.776
  30 G E   0.383  0.004  0.613
  31 E C   0.507  0.005  0.488
  32 G C   0.610  0.010  0.380
  33 E C   0.699  0.023  0.278
  34 G C   0.728  0.029  0.243
  35 D C   0.666  0.039  0.295
  36 A C   0.684  0.044  0.272
  37 T C   0.592  0.045  0.363
  38 Y C   0.489  0.027  0.483
  39 G E   0.351  0.019  0.630
  40 K E   0.110  0.013  0.878
  41 L E   0.028  0.007  0.965
  42 T E   0.014  0.008  0.977
  43 L E   0.009  0.008  0.983
  44 K E   0.013  0.010  0.978
  45 F E   0.010  0.012  0.978
  46 I E   0.026  0.018  0.956
  47 C E   0.108  0.023  0.869
  48 T E   0.424  0.024  0.552
  49 T C   0.766  0.033  0.201
  50 G C   0.900  0.008  0.092
  51 K C   0.914  0.006  0.081
  52 L C   0.910  0.001  0.089
  53 P C   0.911  0.001  0.088
  54 V C   0.860  0.002  0.139
  55 P C   0.881  0.006  0.112
  56 W C   0.634  0.273  0.093
  57 P C   0.643  0.273  0.083
  58 T C   0.399  0.266  0.335
  59 L E   0.290  0.295  0.415
  60 V E   0.245  0.290  0.465
  61 T E   0.266  0.257  0.476
  62 T E   0.344  0.250  0.406
  63 L C   0.420  0.200  0.380
  64 G C   0.510  0.158  0.332
  65 Y C   0.429  0.172  0.399
  66 G E   0.315  0.152  0.534
  67 V E   0.228  0.159  0.613
  68 Q E   0.159  0.167  0.674
  69 C E   0.167  0.151  0.683
  70 F E   0.193  0.201  0.606
  71 S E   0.319  0.201  0.480
  72 R C   0.526  0.160  0.314
  73 Y C   0.887  0.033  0.080
  74 P C   0.684  0.289  0.027
  75 D C   0.523  0.465  0.012
  76 H H   0.369  0.602  0.029
  77 M H   0.342  0.605  0.053
  78 K H   0.451  0.460  0.089
  79 Q H   0.422  0.443  0.135
  80 H C   0.533  0.328  0.139
  81 D C   0.458  0.415  0.127
  82 F H   0.323  0.549  0.128
  83 F H   0.309  0.530  0.162
  84 K H   0.354  0.505  0.142
  85 S C   0.513  0.373  0.114
  86 A C   0.631  0.289  0.081
  87 M C   0.912  0.025  0.063
  88 P C   0.899  0.038  0.063
  89 E C   0.718  0.100  0.181
  90 G C   0.651  0.081  0.268
  91 Y E   0.376  0.078  0.546
  92 V E   0.165  0.036  0.799
  93 Q E   0.172  0.025  0.804
  94 E E   0.124  0.022  0.854
  95 R E   0.111  0.021  0.868
  96 T E   0.057  0.017  0.926
  97 I E   0.055  0.012  0.933
  98 F E   0.060  0.009  0.931
  99 F E   0.117  0.008  0.875
 100 K C   0.666  0.014  0.320
 101 D C   0.810  0.018  0.173
 102 D C   0.959  0.021  0.020
 103 G C   0.919  0.025  0.055
 104 N C   0.804  0.018  0.178
 105 Y E   0.335  0.015  0.650
 106 K E   0.158  0.008  0.834
 107 T E   0.117  0.006  0.877
 108 R E   0.095  0.013  0.892
 109 A E   0.060  0.010  0.930
 110 E E   0.029  0.008  0.963
 111 V E   0.025  0.005  0.969
 112 K E   0.041  0.004  0.955
 113 F E   0.094  0.004  0.902
 114 E E   0.378  0.004  0.618
 115 G C   0.828  0.024  0.148
 116 D C   0.829  0.037  0.134
 117 T C   0.523  0.038  0.439
 118 L E   0.402  0.045  0.553
 119 V E   0.249  0.032  0.719
 120 N E   0.214  0.025  0.762
 121 R E   0.116  0.019  0.865
 122 I E   0.024  0.010  0.966
 123 E E   0.017  0.009  0.974
 124 L E   0.040  0.005  0.955
 125 K E   0.214  0.003  0.783
 126 G E   0.403  0.009  0.588
 127 I E   0.272  0.007  0.721
 128 D E   0.232  0.007  0.761
 129 F E   0.295  0.020  0.685
 130 K C   0.629  0.037  0.333
 131 E C   0.675  0.048  0.276
 132 D C   0.833  0.055  0.112
 133 G C   0.901  0.048  0.051
 134 N C   0.769  0.041  0.190
 135 I E   0.479  0.042  0.480
 136 L E   0.463  0.042  0.495
 137 G C   0.532  0.048  0.420
 138 H E   0.375  0.033  0.592
 139 K E   0.275  0.030  0.695
 140 L E   0.255  0.024  0.721
 141 E E   0.184  0.021  0.795
 142 Y E   0.215  0.017  0.768
 143 N E   0.321  0.013  0.666
 144 Y C   0.557  0.016  0.426
 145 N C   0.723  0.021  0.256
 146 S C   0.755  0.032  0.213
 147 H C   0.642  0.024  0.334
 148 N E   0.329  0.017  0.653
 149 V E   0.053  0.007  0.940
 150 Y E   0.014  0.008  0.978
 151 I E   0.013  0.008  0.979
 152 M E   0.055  0.007  0.937
 153 A E   0.110  0.010  0.880
 154 D E   0.255  0.017  0.728
 155 K C   0.516  0.050  0.434
 156 Q C   0.671  0.064  0.266
 157 K C   0.760  0.058  0.182
 158 N C   0.918  0.015  0.067
 159 G C   0.505  0.002  0.493
 160 I E   0.166  0.001  0.833
 161 K E   0.054  0.001  0.946
 162 V E   0.043  0.001  0.956
 163 N E   0.051  0.001  0.948
 164 F E   0.028  0.003  0.968
 165 K E   0.018  0.005  0.977
 166 I E   0.028  0.005  0.966
 167 R E   0.098  0.008  0.894
 168 H E   0.227  0.013  0.761
 169 N E   0.352  0.013  0.635
 170 I C   0.643  0.024  0.333
 171 E C   0.807  0.034  0.159
 172 D C   0.893  0.027  0.080
 173 G C   0.895  0.015  0.090
 174 S C   0.598  0.016  0.386
 175 V E   0.155  0.021  0.824
 176 Q E   0.134  0.025  0.841
 177 L E   0.224  0.053  0.724
 178 A E   0.456  0.082  0.461
 179 D C   0.484  0.106  0.410
 180 H C   0.507  0.127  0.366
 181 Y C   0.478  0.100  0.422
 182 Q C   0.554  0.089  0.357
 183 Q C   0.649  0.085  0.266
 184 N C   0.776  0.035  0.189
 185 T C   0.761  0.002  0.237
 186 P C   0.795  0.005  0.200
 187 I C   0.831  0.010  0.159
 188 G C   0.865  0.012  0.123
 189 D C   0.872  0.011  0.117
 190 G C   0.838  0.014  0.148
 191 P C   0.831  0.016  0.153
 192 V E   0.377  0.014  0.609
 193 L E   0.411  0.012  0.577
 194 L C   0.792  0.005  0.203
 195 P C   0.867  0.023  0.110
 196 D C   0.897  0.068  0.035
 197 N C   0.811  0.126  0.064
 198 H C   0.597  0.145  0.258
 199 Y E   0.377  0.123  0.500
 200 L E   0.344  0.126  0.530
 201 S C   0.447  0.118  0.435
 202 T C   0.512  0.163  0.325
 203 Q C   0.539  0.201  0.260
 204 S C   0.486  0.216  0.298
 205 A C   0.467  0.222  0.311
 206 L C   0.523  0.210  0.267
 207 S C   0.657  0.151  0.192
 208 K C   0.819  0.061  0.120
 209 D C   0.972  0.005  0.023
 210 P C   0.898  0.094  0.009
 211 N C   0.899  0.093  0.008
 212 E C   0.836  0.143  0.021
 213 K C   0.772  0.153  0.075
 214 R C   0.640  0.129  0.232
 215 D C   0.497  0.129  0.374
 216 H E   0.209  0.108  0.683
 217 M E   0.079  0.086  0.835
 218 V E   0.033  0.102  0.865
 219 L E   0.019  0.115  0.866
 220 L E   0.020  0.117  0.863
 221 E E   0.025  0.134  0.841
 222 F E   0.054  0.124  0.823
 223 V E   0.137  0.162  0.701
 224 T E   0.321  0.186  0.493
 225 A C   0.649  0.163  0.189
 226 A C   0.817  0.104  0.080
 227 G C   0.970  0.004  0.026
 228 I C   0.986  0.002  0.012
# PSIPRED VFORMAT (S4PRED V1.2.4)

   1 M C   0.999  0.000  0.001
   2 S C   0.995  0.002  0.003
   3 K C   0.906  0.082  0.012
   4 G C   0.847  0.128  0.025
   5 E C   0.746  0.165  0.089
   6 E C   0.665  0.142  0.193
   7 L C   0.690  0.122  0.188
   8 F C   0.701  0.090  0.209
   9 T C   0.779  0.051  0.170
  10 G C   0.760  0.020  0.221
  11 V C   0.567  0.052  0.381
  12 V E   0.427  0.075  0.498
  13 P E   0.361  0.076  0.563
  14 I E   0.107  0.087  0.806
  15 L E   0.065  0.083  0.852
  16 V E   0.076  0.070  0.853
  17 E E   0.096  0.048  0.855
  18 L E   0.170  0.024  0.806
  19 D E   0.408  0.017  0.576
  20 G C   0.677  0.020  0.303
  21 D C   0.655  0.020  0.324
  22 V C   0.609  0.021  0.370
  23 N C   0.744  0.018  0.239
  24 G C   0.703  0.015  0.282
  25 H E   0.329  0.008  0.662
  26 K E   0.139  0.006  0.855
  27 F E   0.107  0.004  0.890
  28 S E   0.094  0.003  0.903
  29 V E   0.107  0.003  0.890
  30 S E   0.218  0.002  0.780
  31 G E   0.374  0.003  0.622
  32 E C   0.502  0.005  0.493
  33 G C   0.608  0.009  0.383
  34 E C   0.706  0.022  0.272
  35 G C   0.734  0.027  0.239
  36 D C   0.674  0.038  0.289
  37 A C   0.697  0.041  0.263
  38 T C   0.614  0.041  0.346
  39 Y E   0.487  0.024  0.489
  40 G E   0.344  0.016  0.640
  41 K E   0.103  0.010  0.886
  42 L E   0.025  0.005  0.969
  43 T E   0.012  0.007  0.981
  44 L E   0.008  0.006  0.986
  45 K E   0.011  0.008  0.981
  46 F E   0.008  0.010  0.982
  47 I E   0.023  0.015  0.961
  48 C E   0.102  0.020  0.877
  49 T E   0.416  0.021  0.563
  50 T C   0.774  0.031  0.195
  51 G C   0.904  0.008  0.088
  52 K C   0.919  0.006  0.075
  53 L C   0.919  0.001  0.080
  54 P C   0.928  0.001  0.071
  55 V C   0.890  0.001  0.109
  56 P C   0.907  0.005  0.089
  57 W C   0.689  0.241  0.070
  58 P C   0.663  0.278  0.058
  59 T C   0.524  0.267  0.209
  60 L C   0.403  0.273  0.324
  61 V E   0.343  0.224  0.433
  62 T E   0.262  0.181  0.556
  63 T E   0.193  0.179  0.628
  64 F E   0.164  0.135  0.701
  65 T E   0.188  0.125  0.687
  66 Y E   0.240  0.122  0.639
  67 G E   0.297  0.125  0.578
  68 V E   0.242  0.140  0.618
  69 Q E   0.215  0.195  0.590
  70 C E   0.232  0.212  0.556
  71 F E   0.240  0.294  0.467
  72 S E   0.356  0.280  0.364
  73 R C   0.531  0.221  0.248
  74 Y C   0.898  0.040  0.062
  75 P C   0.665  0.313  0.022
  76 D C   0.497  0.491  0.012
  77 H H   0.341  0.633  0.027
  78 M H   0.298  0.656  0.047
  79 K H   0.407  0.511  0.082
  80 Q H   0.392  0.488  0.120
  81 H C   0.508  0.365  0.128
  82 D H   0.426  0.457  0.117
  83 F H   0.296  0.594  0.110
  84 F H   0.289  0.578  0.133
  85 K H   0.336  0.550  0.114
  86 S C   0.496  0.411  0.093
  87 A C   0.615  0.316  0.069
  88 M C   0.915  0.029  0.056
  89 P C   0.902  0.043  0.055
  90 E C   0.723  0.112  0.165
  91 G C   0.662  0.089  0.250
  92 Y E   0.393  0.086  0.521
  93 V E   0.184  0.042  0.774
  94 Q E   0.193  0.029  0.778
  95 E E   0.141  0.027  0.833
  96 R E   0.126  0.027  0.848
  97 T E   0.066  0.021  0.913
  98 I E   0.064  0.015  0.921
  99 F E   0.069  0.011  0.920
 100 F E   0.127  0.011  0.862
 101 K C   0.668  0.016  0.315
 102 D C   0.809  0.021  0.171
 103 D C   0.954  0.024  0.022
 104 G C   0.914  0.029  0.057
 105 N C   0.800  0.021  0.179
 106 Y E   0.337  0.017  0.646
 107 K E   0.167  0.009  0.824
 108 T E   0.126  0.007  0.867
 109 R E   0.104  0.016  0.880
 110 A E   0.068  0.012  0.920
 111 E E   0.034  0.010  0.955
 112 V E   0.031  0.006  0.963
 113 K E   0.050  0.005  0.945
 114 F E   0.107  0.005  0.888
 115 E E   0.390  0.005  0.605
 116 G C   0.825  0.027  0.148
 117 D C   0.823  0.040  0.138
 118 T C   0.525  0.044  0.431
 119 L E   0.410  0.052  0.538
 120 V E   0.260  0.038  0.702
 121 N E   0.225  0.030  0.745
 122 R E   0.127  0.024  0.849
 123 I E   0.028  0.012  0.959
 124 E E   0.021  0.011  0.968
 125 L E   0.048  0.007  0.945
 126 K E   0.225  0.004  0.770
 127 G E   0.404  0.011  0.586
 128 I E   0.274  0.008  0.718
 129 D E   0.238  0.008  0.754
 130 F E   0.300  0.022  0.678
 131 K C   0.632  0.042  0.327
 132 E C   0.672  0.054  0.275
 133 D C   0.826  0.062  0.112
 134 G C   0.893  0.053  0.054
 135 N C   0.768  0.045  0.187
 136 I C   0.481  0.046  0.474
 137 L E   0.467  0.046  0.487
 138 G C   0.543  0.052  0.404
 139 H E   0.396  0.038  0.566
 140 K E   0.296  0.034  0.670
 141 L E   0.278  0.026  0.695
 142 E E   0.208  0.023  0.769
 143 Y E   0.240  0.019  0.741
 144 N E   0.346  0.016  0.639
 145 Y C   0.556  0.019  0.426
 146 N C   0.712  0.023  0.265
 147 S C   0.742  0.034  0.224
 148 H C   0.628  0.027  0.345
 149 N E   0.329  0.019  0.652
 150 V E   0.059  0.009  0.932
 151 Y E   0.016  0.010  0.974
 152 I E   0.015  0.010  0.975
 153 M E   0.062  0.009  0.929
 154 A E   0.119  0.012  0.869
 155 D E   0.265  0.019  0.716
 156 K C   0.514  0.056  0.431
 157 Q C   0.672  0.070  0.258
 158 K C   0.751  0.062  0.187
 159 N C   0.913  0.016  0.071
 160 G E   0.497  0.002  0.501
 161 I E   0.162  0.001  0.837
 162 K E   0.054  0.001  0.945
 163 V E   0.045  0.001  0.954
 164 N E   0.054  0.001  0.945
 165 F E   0.030  0.004  0.966
 166 K E   0.020  0.006  0.974
 167 I E   0.032  0.006  0.963
 168 R E   0.104  0.008  0.888
 169 H E   0.235  0.014  0.751
 170 N E   0.353  0.014  0.633
 171 I C   0.638  0.025  0.337
 172 E C   0.799  0.035  0.166
 173 D C   0.887  0.027  0.086
 174 G C   0.885  0.017  0.098
 175 S C   0.587  0.019  0.394
 176 V E   0.162  0.023  0.814
 177 Q E   0.142  0.027  0.830
 178 L E   0.228  0.056  0.716
 179 A E   0.447  0.089  0.464
 180 D C   0.467  0.107  0.426
 181 H C   0.489  0.132  0.379
 182 Y C   0.455  0.104  0.440
 183 Q C   0.527  0.093  0.381
 184 Q C   0.626  0.088  0.286
 185 N C   0.747  0.039  0.214
 186 T C   0.748  0.002  0.250
 187 P C   0.787  0.005  0.208
 188 I C   0.821  0.011  0.168
 189 G C   0.856  0.013  0.131
 190 D C   0.855  0.013  0.132
 191 G C   0.828  0.015  0.157
 192 P C   0.810  0.016  0.174
 193 V E   0.341  0.014  0.645
 194 L E   0.373  0.012  0.616
 195 L C   0.779  0.006  0.215
 196 P C   0.867  0.029  0.104
 197 D C   0.891  0.072  0.037
 198 N C   0.794  0.151  0.054
 199 H C   0.602  0.183  0.215
 200 Y C   0.415  0.178  0.407
 201 L E   0.395  0.180  0.425
 202 S C   0.508  0.163  0.329
 203 H C   0.531  0.174  0.295
 204 Q C   0.502  0.206  0.292
 205 S C   0.448  0.214  0.338
 206 A C   0.436  0.203  0.361
 207 L C   0.489  0.184  0.327
 208 S C   0.625  0.125  0.250
 209 K C   0.780  0.055  0.165
 210 D C   0.962  0.005  0.033
 211 P C   0.880  0.109  0.011
 212 N C   0.889  0.105  0.007
 213 E C   0.827  0.157  0.016
 214 K C   0.776  0.167  0.057
 215 R C   0.684  0.143  0.173
 216 D C   0.565  0.151  0.283
 217 H E   0.273  0.139  0.589
 218 M E   0.117  0.126  0.757
 219 V E   0.049  0.158  0.794
 220 L E   0.027  0.188  0.785
 221 L E   0.030  0.197  0.773
 222 E E   0.031  0.210  0.759
 223 F E   0.050  0.211  0.739
 224 V E   0.161  0.258  0.580
 225 T C   0.443  0.305  0.252
 226 A C   0.583  0.338  0.079
 227 A C   0.654  0.298  0.047
 228 G C   0.727  0.186  0.087
 229 I C   0.621  0.192  0.187
 230 T C   0.552  0.189  0.259
 231 H C   0.573  0.125  0.301
 232 G C   0.638  0.081  0.281
 233 M C   0.546  0.224  0.230
 234 D C   0.497  0.294  0.209
 235 E C   0.546  0.238  0.215
 236 L C   0.684  0.196  0.120
 237 Y C   0.907  0.046  0.047
 238 K C   0.993  0.003  0.005
# PSIPRED VFORMAT (S4PRED V1.2.4)

   1 M C   0.998  0.000  0.002
   2 E C   0.995  0.000  0.005
   3 G C   0.993  0.001  0.007
   4 G C   0.977  0.010  0.013
   5 P C   0.956  0.022  0.023
   6 A C   0.896  0.028  0.077
   7 L C   0.866  0.030  0.104
   8 F C   0.882  0.021  0.096
   9 Q C   0.857  0.017  0.127
  10 S C   0.857  0.015  0.128
  11 D C   0.792  0.016  0.193
  12 M C   0.539  0.009  0.452
  13 T E   0.254  0.009  0.737
  14 F E   0.087  0.010  0.903
  15 K E   0.040  0.010  0.949
  16 I E   0.021  0.010  0.968
  17 F E   0.031  0.009  0.960
  18 I E   0.084  0.010  0.905
  19 D E   0.425  0.006  0.570
  20 G C   0.606  0.009  0.386
  21 E E   0.217  0.007  0.776
  22 V E   0.250  0.008  0.742
  23 N C   0.836  0.006  0.159
  24 G C   0.864  0.007  0.129
  25 Q E   0.211  0.003  0.786
  26 K E   0.097  0.002  0.901
  27 F E   0.059  0.001  0.940
  28 T E   0.021  0.001  0.978
  29 I E   0.026  0.001  0.973
  30 V E   0.214  0.001  0.785
  31 A E   0.406  0.002  0.593
  32 D C   0.677  0.004  0.319
  33 G C   0.840  0.019  0.142
  34 S C   0.816  0.054  0.130
  35 S C   0.786  0.047  0.167
  36 K C   0.772  0.046  0.182
  37 F C   0.851  0.005  0.145
  38 P C   0.924  0.007  0.068
  39 H C   0.891  0.038  0.071
  40 G C   0.792  0.050  0.158
  41 D C   0.690  0.067  0.243
  42 F C   0.533  0.065  0.402
  43 N C   0.468  0.070  0.462
  44 A E   0.338  0.144  0.519
  45 H E   0.296  0.143  0.561
  46 A E   0.241  0.143  0.617
  47 V E   0.195  0.161  0.645
  48 C E   0.256  0.174  0.570
  49 E C   0.472  0.161  0.367
  50 T C   0.670  0.183  0.146
  51 G C   0.877  0.042  0.081
  52 K C   0.895  0.025  0.080
  53 L C   0.916  0.011  0.073
  54 P C   0.910  0.018  0.073
  55 M C   0.825  0.062  0.113
  56 S C   0.734  0.079  0.187
  57 W C   0.614  0.136  0.250
  58 K C   0.476  0.221  0.303
  59 P C   0.454  0.246  0.300
  60 I C   0.404  0.269  0.327
  61 C E   0.237  0.300  0.464
  62 H E   0.177  0.363  0.460
  63 L E   0.131  0.412  0.457
  64 I H   0.240  0.382  0.378
  65 Q E   0.310  0.325  0.366
  66 Y C   0.603  0.211  0.185
  67 G C   0.897  0.063  0.040
  68 E C   0.772  0.112  0.116
  69 P C   0.691  0.115  0.194
  70 F E   0.353  0.186  0.461
  71 F E   0.214  0.282  0.504
  72 A E   0.233  0.258  0.509
  73 R E   0.333  0.191  0.475
  74 Y C   0.864  0.012  0.125
  75 P C   0.903  0.070  0.027
  76 D C   0.870  0.117  0.013
  77 G C   0.768  0.146  0.085
  78 I C   0.507  0.215  0.278
  79 S E   0.326  0.191  0.483
  80 H E   0.235  0.246  0.519
  81 F E   0.259  0.228  0.514
  82 A E   0.317  0.285  0.398
  83 Q E   0.279  0.356  0.365
  84 E H   0.308  0.349  0.343
  85 C C   0.372  0.350  0.278
  86 F C   0.827  0.033  0.140
  87 P C   0.890  0.040  0.070
  88 E C   0.911  0.046  0.044
  89 G C   0.874  0.026  0.100
  90 L C   0.623  0.016  0.361
  91 S E   0.343  0.007  0.650
  92 I E   0.308  0.018  0.674
  93 D E   0.344  0.018  0.637
  94 R E   0.305  0.018  0.677
  95 T E   0.192  0.016  0.792
  96 V E   0.101  0.013  0.887
  97 R E   0.104  0.010  0.886
  98 F E   0.182  0.011  0.806
  99 E C   0.613  0.015  0.372
 100 N C   0.788  0.017  0.195
 101 D C   0.951  0.010  0.039
 102 G C   0.939  0.009  0.052
 103 T C   0.759  0.008  0.233
 104 M E   0.435  0.006  0.559
 105 T E   0.356  0.005  0.639
 106 S E   0.312  0.007  0.681
 107 H E   0.308  0.007  0.684
 108 H E   0.244  0.008  0.748
 109 T E   0.177  0.012  0.812
 110 Y E   0.164  0.011  0.825
 111 E E   0.226  0.013  0.761
 112 L C   0.530  0.022  0.449
 113 D C   0.815  0.028  0.158
 114 D C   0.899  0.037  0.064
 115 T C   0.729  0.023  0.249
 116 C E   0.465  0.011  0.524
 117 V E   0.202  0.007  0.791
 118 V E   0.152  0.007  0.841
 119 S E   0.176  0.005  0.818
 120 R E   0.152  0.009  0.839
 121 I E   0.106  0.007  0.887
 122 T E   0.107  0.009  0.883
 123 V E   0.158  0.008  0.834
 124 N E   0.435  0.005  0.560
 125 C C   0.661  0.011  0.329
 126 D C   0.863  0.024  0.113
 127 G C   0.872  0.027  0.101
 128 F C   0.806  0.015  0.179
 129 Q C   0.795  0.006  0.199
 130 P C   0.828  0.010  0.162
 131 D C   0.861  0.013  0.126
 132 G C   0.849  0.042  0.109
 133 P C   0.775  0.086  0.138
 134 I E   0.370  0.072  0.558
 135 M E   0.310  0.082  0.609
 136 R E   0.299  0.326  0.374
 137 D H   0.347  0.366  0.287
 138 Q E   0.321  0.320  0.359
 139 L E   0.222  0.216  0.563
 140 V E   0.216  0.172  0.612
 141 D E   0.236  0.140  0.623
 142 I E   0.415  0.101  0.484
 143 L C   0.761  0.025  0.214
 144 P C   0.794  0.089  0.117
 145 N C   0.805  0.121  0.074
 146 E C   0.747  0.104  0.149
 147 T C   0.646  0.097  0.257
 148 H C   0.546  0.075  0.379
 149 M C   0.506  0.060  0.433
 150 F C   0.610  0.021  0.369
 151 P C   0.785  0.026  0.189
 152 H C   0.846  0.029  0.125
 153 G C   0.898  0.075  0.027
 154 P C   0.698  0.287  0.015
 155 N C   0.647  0.319  0.035
 156 A C   0.534  0.376  0.089
 157 V C   0.417  0.310  0.273
 158 R E   0.345  0.240  0.415
 159 Q E   0.249  0.196  0.556
 160 L E   0.186  0.170  0.644
 161 A E   0.132  0.147  0.721
 162 F E   0.112  0.120  0.768
 163 I E   0.171  0.072  0.757
 164 G E   0.180  0.032  0.788
 165 F E   0.141  0.021  0.838
 166 T E   0.177  0.019  0.804
 167 T E   0.441  0.047  0.512
 168 A C   0.807  0.078  0.114
 169 D C   0.840  0.103  0.057
 170 G C   0.843  0.091  0.066
 171 G C   0.717  0.065  0.217
 172 L E   0.229  0.055  0.715
 173 M E   0.163  0.052  0.785
 174 M E   0.196  0.046  0.758
 175 G E   0.254  0.031  0.715
 176 H E   0.276  0.024  0.700
 177 F E   0.416  0.021  0.563
 178 D C   0.572  0.025  0.404
 179 S C   0.559  0.037  0.403
 180 K C   0.529  0.044  0.427
 181 M E   0.469  0.035  0.496
 182 T E   0.436  0.028  0.536
 183 F E   0.446  0.031  0.524
 184 N C   0.706  0.021  0.274
 185 G C   0.786  0.040  0.175
 186 S C   0.664  0.063  0.273
 187 R C   0.497  0.071  0.431
 188 A C   0.476  0.057  0.466
 189 I E   0.267  0.037  0.696
 190 E E   0.255  0.017  0.729
 191 I E   0.421  0.002  0.577
 192 P C   0.732  0.005  0.263
 193 G C   0.832  0.114  0.053
 194 P C   0.696  0.247  0.056
 195 H C   0.421  0.228  0.351
 196 F E   0.118  0.244  0.637
 197 V E   0.048  0.229  0.723
 198 T E   0.043  0.223  0.734
 199 I E   0.049  0.209  0.742
 200 I E   0.114  0.218  0.669
 201 T E   0.228  0.277  0.495
 202 K H   0.374  0.390  0.236
 203 Q C   0.429  0.379  0.192
 204 M C   0.489  0.385  0.126
 205 R C   0.574  0.319  0.108
 206 D C   0.686  0.248  0.066
 207 T C   0.816  0.151  0.033
 208 S C   0.801  0.163  0.036
 209 D C   0.785  0.181  0.034
 210 K C   0.717  0.222  0.061
 211 R C   0.645  0.235  0.121
 212 D C   0.589  0.227  0.183
 213 H C   0.406  0.303  0.291
 214 V H   0.332  0.339  0.329
 215 C H   0.335  0.349  0.315
 216 Q H   0.193  0.560  0.247
 217 R H   0.198  0.627  0.176
 218 E H   0.183  0.633  0.185
 219 V H   0.186  0.613  0.201
 220 A H   0.195  0.573  0.232
 221 Y H   0.225  0.574  0.202
 222 A H   0.298  0.539  0.163
 223 H C   0.461  0.375  0.164
 224 S C   0.632  0.228  0.140
 225 V C   0.709  0.229  0.062
 226 P C   0.736  0.222  0.042
 227 R C   0.588  0.194  0.218
 228 I C   0.492  0.232  0.276
 229 T C   0.475  0.255  0.270
 230 S C   0.559  0.215  0.227
 231 A C   0.713  0.162  0.125
 232 I C   0.824  0.086  0.089
 233 G C   0.893  0.026  0.080
 234 S C   0.930  0.007  0.063
 235 D C   0.986  0.006  0.008
 236 E C   0.997  0.003  0.001
 237 D C   0.996  0.003  0.001
# PSIPRED VFORMAT (S4PRED V1.2.4)

   1 M C   0.998  0.000  0.001
   2 S C   0.990  0.001  0.009
   3 L C   0.889  0.080  0.031
   4 S C   0.853  0.071  0.075
   5 K C   0.846  0.074  0.080
   6 H C   0.910  0.029  0.061
   7 G C   0.912  0.015  0.073
   8 I C   0.841  0.016  0.142
   9 T C   0.818  0.016  0.166
  10 Q C   0.760  0.025  0.215
  11 E C   0.785  0.019  0.196
  12 M C   0.884  0.007  0.109
  13 P C   0.919  0.009  0.073
  14 T C   0.659  0.020  0.321
  15 K E   0.360  0.025  0.615
  16 Y E   0.189  0.018  0.793
  17 H E   0.126  0.010  0.864
  18 M E   0.119  0.006  0.875
  19 K E   0.113  0.003  0.884
  20 G E   0.171  0.003  0.825
  21 S E   0.171  0.004  0.825
  22 V E   0.217  0.004  0.778
  23 N C   0.897  0.003  0.100
  24 G C   0.939  0.006  0.055
  25 H E   0.232  0.003  0.764
  26 E E   0.086  0.002  0.912
  27 F E   0.046  0.001  0.953
  28 E E   0.026  0.001  0.973
  29 I E   0.037  0.002  0.962
  30 E E   0.142  0.001  0.857
  31 G E   0.276  0.003  0.722
  32 V E   0.344  0.005  0.652
  33 G C   0.549  0.006  0.444
  34 T C   0.726  0.006  0.267
  35 G C   0.821  0.004  0.175
  36 H C   0.866  0.005  0.129
  37 P C   0.875  0.025  0.100
  38 Y C   0.856  0.026  0.119
  39 E C   0.839  0.021  0.140
  40 G C   0.793  0.020  0.187
  41 T C   0.587  0.020  0.393
  42 H E   0.387  0.019  0.594
  43 M E   0.227  0.026  0.746
  44 A E   0.142  0.021  0.838
  45 E E   0.067  0.019  0.913
  46 L E   0.028  0.011  0.961
  47 V E   0.015  0.008  0.977
  48 I E   0.013  0.006  0.980
  49 I E   0.034  0.006  0.960
  50 K C   0.588  0.007  0.405
  51 P C   0.724  0.016  0.260
  52 A C   0.965  0.020  0.015
  53 G C   0.977  0.007  0.017
  54 K C   0.872  0.004  0.125
  55 P C   0.834  0.010  0.156
  56 L C   0.788  0.021  0.190
  57 P C   0.818  0.044  0.138
  58 F C   0.623  0.072  0.304
  59 S C   0.525  0.124  0.351
  60 F H   0.196  0.412  0.391
  61 D H   0.182  0.427  0.391
  62 I H   0.175  0.514  0.311
  63 L H   0.230  0.522  0.248
  64 S H   0.273  0.486  0.241
  65 T H   0.268  0.432  0.301
  66 V E   0.170  0.409  0.420
  67 I E   0.150  0.376  0.474
  68 Q E   0.152  0.339  0.510
  69 Y E   0.225  0.326  0.448
  70 G C   0.649  0.258  0.094
  71 N C   0.631  0.288  0.080
  72 R E   0.257  0.216  0.527
  73 C E   0.183  0.150  0.667
  74 F E   0.185  0.139  0.676
  75 T E   0.272  0.141  0.587
  76 K E   0.423  0.116  0.461
  77 Y C   0.732  0.008  0.260
  78 P C   0.594  0.241  0.165
  79 A C   0.570  0.393  0.037
  80 D C   0.593  0.379  0.028
  81 L C   0.713  0.280  0.006
  82 P C   0.609  0.388  0.003
  83 D H   0.181  0.810  0.009
  84 Y H   0.120  0.849  0.031
  85 F H   0.158  0.782  0.060
  86 K H   0.225  0.706  0.069
  87 Q H   0.311  0.610  0.079
  88 A H   0.398  0.515  0.087
  89 Y C   0.857  0.046  0.098
  90 P C   0.903  0.036  0.061
  91 G C   0.894  0.031  0.075
  92 G C   0.831  0.032  0.137
  93 M C   0.649  0.029  0.322
  94 S E   0.408  0.026  0.566
  95 Y E   0.299  0.049  0.652
  96 E E   0.254  0.052  0.694
  97 R E   0.192  0.045  0.763
  98 S E   0.184  0.034  0.782
  99 F E   0.126  0.025  0.849
 100 V E   0.129  0.022  0.849
 101 Y E   0.258  0.028  0.714
 102 Q C   0.565  0.036  0.399
 103 D C   0.730  0.027  0.243
 104 G C   0.921  0.019  0.060
